arm_1_joint: 1.5054790914790166
arm_2_joint: 0.06240275034197078
arm_3_joint: -2.170417507472731
arm_4_joint: 1.7158015124467234
arm_5_joint: 0.04140018651767241
arm_6_joint: 0.0
arm_7_joint: 0.24
head_1_joint: 3.976037325601469e-07
head_2_joint: -6.92862408172827e-07
torso_lift_joint: 0.001
