arm_1_joint: 0.07100993354310363
arm_2_joint: -2.935996790882914e-06
arm_3_joint: -0.6824409736598789
arm_4_joint: -3.3942930334580562e-06
arm_5_joint: 1.6771407171180474e-06
arm_6_joint: 0.0030572920024649355
arm_7_joint: 3.828183757515378e-06
gripper_left_finger_joint: 0.044691954927993915
gripper_right_finger_joint: 0.044194773329169496
head_1_joint: -7.779539027870848e-10
head_2_joint: -6.452418402905033e-07
torso_lift_joint: 0.18152499626595167
