num_readings: 667
zero_angle: 2.094395067
final_angle: -2.094395067
actual_num_readings: 530
first_idx: 57
last_idx: -80
x_offset: 0.202