arm_1_joint: 0.07100992805369542
arm_2_joint: -2.908591070571624e-06
arm_3_joint: -0.682440391845066
arm_4_joint: -3.3808783439840266e-06
arm_5_joint: 1.666824345848082e-06
arm_6_joint: 0.0030571544765418414
arm_7_joint: -9.962975506707162e-07
gripper_left_finger_joint: 0.05069413307093679
gripper_right_finger_joint: 0.05194652245343322
head_1_joint: 1.8019565673467885e-10
head_2_joint: -6.165453650763911e-07
torso_lift_joint: 0.18152500644998368
